1733161907349 0.6872194409370422 0
1733161907353 0.6789842247962952 1
1733161907357 0.673960268497467 2
1733161907359 0.6716163754463196 3
1733161907362 0.6745626926422119 4
1733161907364 0.6741892695426941 5
1733161907366 0.6726464629173279 6
1733161907368 0.673209547996521 7
1733161907372 0.6695374250411987 8
1733161907374 0.6735869646072388 9
1733161907376 0.6720038652420044 10
1733161907379 0.6724957227706909 11
1733161907383 0.6717174053192139 12
1733161907385 0.6718572974205017 13
1733161907389 0.6720194816589355 14
1733161907391 0.6709622740745544 15
1733161907395 0.6723594069480896 16
1733161907397 0.6718800663948059 17
1733161907400 0.6735531091690063 18
1733161907403 0.673029899597168 19
1733161907405 0.673489511013031 20
1733161907407 0.6715434193611145 21
1733161907409 0.6716243624687195 22
1733161907414 0.6717407703399658 23
1733161907416 0.6727085113525391 24
1733161907419 0.6708353757858276 25
1733161907422 0.6721717119216919 26
1733161907425 0.6725068688392639 27
1733161907429 0.6725087761878967 28
1733161907433 0.6722317337989807 29
1733161907436 0.671495795249939 30
1733161907438 0.671600878238678 31
1733161907440 0.6730484962463379 32
1733161907443 0.6724862456321716 33
1733161907446 0.6696684956550598 34
1733161907448 0.6727985739707947 35
1733161907450 0.6734603643417358 36
1733161907452 0.6722807884216309 37
1733161907454 0.67160564661026 38
1733161907457 0.6724177002906799 39
1733161907460 0.6717269420623779 40
1733161907463 0.672306478023529 41
1733161907465 0.6718566417694092 42
1733161907467 0.6710608005523682 43
1733161907469 0.6715589165687561 44
1733161907471 0.6711558699607849 45
1733161907474 0.6721004247665405 46
1733161907476 0.6728743314743042 47
1733161907478 0.6714850068092346 48
1733161907480 0.6707335710525513 49
