1733161907208 0.6030534505844116 0
1733161907212 0.6041439771652222 1
1733161907215 0.6041439771652222 2
1733161907217 0.6041439771652222 3
1733161907219 0.6041439771652222 4
1733161907222 0.6041439771652222 5
1733161907224 0.6041439771652222 6
1733161907227 0.6041439771652222 7
1733161907231 0.6041439771652222 8
1733161907233 0.6041439771652222 9
1733161907236 0.6041439771652222 10
1733161907238 0.6041439771652222 11
1733161907241 0.6041439771652222 12
1733161907243 0.6041439771652222 13
1733161907247 0.6041439771652222 14
1733161907249 0.6041439771652222 15
1733161907252 0.6041439771652222 16
1733161907254 0.6041439771652222 17
1733161907258 0.6041439771652222 18
1733161907260 0.6041439771652222 19
1733161907263 0.6041439771652222 20
1733161907266 0.6041439771652222 21
1733161907268 0.6041439771652222 22
1733161907270 0.6041439771652222 23
1733161907272 0.6041439771652222 24
1733161907275 0.6041439771652222 25
1733161907278 0.6041439771652222 26
1733161907281 0.6041439771652222 27
1733161907283 0.6041439771652222 28
1733161907287 0.6041439771652222 29
1733161907290 0.6041439771652222 30
1733161907292 0.6041439771652222 31
1733161907296 0.6041439771652222 32
1733161907299 0.6041439771652222 33
1733161907302 0.6041439771652222 34
1733161907306 0.6041439771652222 35
1733161907309 0.6041439771652222 36
1733161907311 0.6041439771652222 37
1733161907313 0.6041439771652222 38
1733161907316 0.6041439771652222 39
1733161907318 0.6041439771652222 40
1733161907320 0.6041439771652222 41
1733161907322 0.6041439771652222 42
1733161907324 0.6041439771652222 43
1733161907327 0.6041439771652222 44
1733161907330 0.6041439771652222 45
1733161907331 0.6041439771652222 46
1733161907335 0.6041439771652222 47
1733161907340 0.6041439771652222 48
1733161907345 0.6041439771652222 49
